1 4
2 1
3 1
4 1
5 1
6 1
7 1
8 1
9 1
10 1
11 1
12 1
13 1
14 1
15 1
16 1
17 1
18 1
19 1
20 1
21 1
22 1
23 1
24 1
25 1
26 1
27 1
28 1
29 1
30 1
31 4
32 4
33 4
34 4
35 4
36 4
37 4
38 4
39 4
40 4
41 4
42 3
43 4
44 4
45 4
46 4
47 4
48 4
49 4
50 4
51 4
52 4
53 4
54 4
55 4
56 4
57 4
58 4
59 4
60 4
61 4
62 4
63 4
64 4
65 4
66 4
67 4
68 4
69 1
70 1
71 1
72 1
73 1
74 1
75 1
76 1
77 1
78 1
79 1
80 1
81 1
82 1
83 1
84 1
85 1
86 1
87 1
88 4
89 4
90 4
91 4
92 4
93 4
94 4
95 4
96 4
97 4
98 4
99 4
100 4
101 4
102 4
103 4
104 4
105 4
106 4
107 4
108 5
109 4
110 6
111 2
112 6
113 6
114 6
115 6
116 6
117 6
118 6
119 6
120 6
121 6
122 6
123 6
124 6
125 6
126 2
127 2
128 2
129 2
130 2
131 2
132 2
133 2
134 2
135 2
136 2
137 2
138 2
139 2
140 2
141 2
142 2
143 2
144 2
145 2
146 2
147 2
148 2
149 2
150 2
151 2
152 2
153 2
154 4
155 2
156 2
157 4
158 4
159 6
160 6
161 4
162 6
163 4
164 6
165 4
166 4
167 4
168 4
169 2
170 2
171 2
172 2
173 2
174 2
175 2
176 2
177 2
178 2
179 2
180 2
181 2
182 2
183 2
184 2
185 2
186 2
187 2
188 2
189 2
190 2
191 2
192 2
193 2
194 2
195 2
196 2
197 2
198 2
199 2
200 2
201 2
202 2
203 2
204 2
205 2
206 2
207 2
208 2
209 2
210 2
211 2
212 2
213 2
214 3
215 3
216 3
217 3
218 3
219 3
220 1
221 1
222 1
223 1
224 1
225 1
226 1
227 1
228 1
229 1
230 1
231 1
232 1
233 1
234 1
235 1
236 1
237 1
238 1
239 1
240 1
241 1
242 1
243 1
244 1
245 1
246 1
247 1
248 1
249 1
250 1
251 1
252 1
253 1
254 1
255 1
256 2
257 2
258 2
259 2
260 5
261 2
262 4
263 6
264 6
265 6
266 6
267 6
268 4
269 4
270 6
271 6
272 6
273 6
274 6
275 4
276 6
277 6
278 4
279 6
280 2
281 2
282 2
283 2
284 4
285 4
286 5
287 5
288 5
289 5
290 5
291 5
292 5
293 1
294 1
295 1
296 1
297 1
298 1
299 1
300 3
301 3
302 3
303 3
304 3
305 3
306 2
307 4
308 4
309 4
310 4
311 4
312 4
313 4
314 4
315 4
316 4
317 4
318 4
319 4
320 4
321 2
322 2
323 2
324 2
325 2
326 2
327 2
328 2
329 3
330 3
331 3
332 3
333 3
334 3
335 3
336 3
337 3
338 3
339 3
340 3
341 3
342 3
343 3
344 3
345 3
346 4
347 4
348 4
349 4
350 4
351 4
352 4
353 2
354 2
355 2
356 4
357 4
358 4
359 4
360 4
361 4
362 4
363 4
364 4
365 4
366 3
367 6
368 6
369 6
370 2
371 2
372 4
373 1
374 4
375 4
376 4
377 2
378 2
379 2
380 2
381 4
382 6
383 4
384 4
385 4
386 4
387 4
388 6
389 4
390 4
391 4
392 6
393 4
394 4
395 4
396 4
397 4
398 6
399 4
400 6
401 4
402 6
403 6
404 1
405 2
406 4
407 4
408 4
409 6
410 5
411 4
412 4
413 4
414 5
415 5
416 4
417 4
418 4
419 4
420 4
421 4
422 4
423 4
424 4
425 4
426 4
427 4
428 4
429 3
430 4
431 2
432 2
433 2
434 4
435 1
436 5
437 4
438 4
439 4
440 4
441 4
442 4
443 4
444 4
445 2
446 2
447 2
448 4
449 4
450 2
451 4
452 4
453 4
454 4
455 4
456 3
457 4
458 4
459 4
460 4
461 4
462 6
463 4
464 4
465 4
466 4
467 4
468 1
469 4
470 4
471 4
472 4
473 4
474 4
475 4
476 4
477 4
478 4
479 4
480 4
481 5
482 4
483 4
484 3
485 3
486 3
487 3
488 3
489 3
490 3
491 3
492 3
493 3
494 3
495 3
496 3
497 2
498 3
499 3
500 3
501 3
502 3
503 4
504 2
505 2
506 6
507 4
508 4
509 4
510 6
511 5
512 5
513 5
514 5
515 5
516 5
517 5
518 5
519 5
520 3
521 4
522 3
523 3
524 3
525 3
526 3
527 4
528 3
529 4
530 4
531 5
532 5
533 4
534 4
535 6
536 6
537 6
538 2
539 4
540 6
541 4
542 4
543 4
544 4
545 4
546 4
547 4
548 4
549 6
550 6
551 6
552 6
553 2
554 4
555 1
556 6
557 6
558 6
559 6
560 4
561 6
562 3
563 4
564 4
565 6
566 4
567 4
568 4
569 4
570 6
571 3
572 3
573 3
574 3
575 3
576 3
577 3
578 3
579 6
580 4
581 6
582 4
583 4
584 6
585 4
586 6
587 4
588 4
589 2
590 2
591 4
592 3
593 1
594 4
595 4
596 4
597 4
598 4
599 4
600 5
601 2
602 4
603 2
604 4
605 6
606 4
607 5
608 4
609 6
610 6
611 4
612 4
613 4
614 4
615 2
616 2
617 6
618 2
619 4
620 4
621 4
622 2
623 6
624 4
625 5
626 2
627 3
628 5
629 4
630 4
631 4
632 6
633 6
634 6
635 6
636 6
637 6
638 2
639 2
640 2
641 6
642 6
643 6
644 1
645 1
646 1
647 4
648 4
649 5
650 4
651 4
652 2
653 4
654 4
655 4
656 4
657 6
658 6
659 1
660 1
661 4
662 4
663 4
664 2
665 5
666 6
667 4
668 4
669 6
670 1
671 1
672 2
673 2
674 4
675 1
676 4
677 4
678 4
679 2
680 2
681 5
682 2
683 4
684 2
685 2
686 4
687 4
688 1
689 2
690 4
691 2
692 4
693 4
694 6
695 1
696 3
697 4
698 6
699 4
700 6
701 5
702 6
703 5
704 1
705 5
706 4
707 4
708 4
709 1
710 4
711 4
712 4
713 2
714 5
715 5
716 4
717 4
718 1
719 6
720 1
721 2
722 1
723 5
