1 1
2 2
3 4
4 4
5 4
6 1
7 1
8 2
9 4
10 1
11 1
12 1
13 4
14 1
15 1
16 1
17 1
18 2
19 5
20 1
21 1
22 1
23 2
24 1
25 1
26 1
27 1
28 1
29 1
30 1
31 4
32 1
33 1
34 1
35 1
36 1
37 1
38 1
39 3
40 2
41 1
42 2
43 2
44 1
45 1
46 4
47 1
48 1
49 1
50 1
51 4
52 2
53 4
54 2
55 4
56 4
57 1
58 2
59 1
60 1
61 1
62 1
63 4
64 1
65 1
66 4
67 4
68 1
69 1
70 1
71 1
72 1
73 1
74 1
75 4
76 2
77 1
78 2
79 2
80 4
81 1
82 1
83 3
84 1
85 4
86 4
87 1
88 1
89 1
90 2
91 1
92 1
93 2
94 1
95 4
96 1
97 4
98 1
99 2
100 1
101 1
102 2
103 3
104 2
105 1
106 3
107 3
108 1
109 1
110 2
111 2
112 4
113 2
114 1
115 1
116 5
117 1
118 1
119 1
120 4
121 1
122 1
123 1
124 1
125 1
126 5
127 5
128 4
129 4
130 1
131 4
132 1
133 1
134 4
135 4
136 4
137 1
138 1
139 2
140 1
141 4
142 1
143 1
144 2
145 4
146 1
147 4
148 4
149 4
150 1
151 4
152 1
153 1
154 2
155 4
156 2
157 4
158 1
159 1
160 1
161 3
162 3
163 1
164 1
165 4
166 1
167 4
168 4
169 1
170 1
171 4
172 4
173 1
174 4
175 4
176 3
177 1
178 4
179 4
180 4
181 3
182 1
183 1
184 1
185 1
186 4
187 4
188 1
189 2
190 1
191 1
192 4
193 4
194 4
195 1
196 2
197 4
198 2
199 4
200 4
201 4
202 1
203 1
204 4
205 4
206 1
207 4
208 2
209 4
210 4
211 4
212 4
213 2
214 4
215 4
216 4
217 4
218 1
219 1
220 4
221 1
222 4
223 1
224 4
225 4
226 4
227 1
228 1
229 1
230 4
231 4
232 4
233 4
234 1
235 4
236 4
237 4
238 4
239 1
240 1
241 4
242 3
243 4
244 1
245 1
246 5
247 2
248 1
249 1
250 4
251 4
252 1
253 1
254 1
255 1
256 1
257 4
258 1
259 1
260 4
261 4
262 4
263 4
264 1
265 4
266 4
267 4
268 1
269 4
270 1
271 1
272 4
273 4
274 1
275 1
276 1
277 4
278 1
279 1
280 4
281 4
282 1
283 1
284 1
285 4
286 1
287 1
288 4
289 1
290 1
291 4
292 1
293 1
294 1
295 1
296 2
297 4
298 4
299 1
300 4
301 1
302 1
303 3
304 4
305 1
306 4
307 4
308 4
309 4
310 1
311 1
312 4
313 2
314 1
315 1
316 1
317 1
318 1
319 1
320 4
321 1
322 3
323 2
324 1
325 1
326 2
327 1
328 1
329 1
330 1
331 1
332 1
333 1
334 1
335 1
336 1
337 4
338 4
339 4
340 4
341 4
342 4
343 1
344 4
345 1
346 1
347 4
348 2
349 2
350 2
351 1
352 1
353 4
354 1
355 4
356 1
357 3
358 1
359 1
360 4
361 1
362 1
363 2
364 1
365 4
366 4
367 4
368 4
369 2
370 1
371 4
372 1
373 1
374 2
375 1
376 4
377 1
378 2
379 1
380 1
381 1
382 1
383 1
384 1
385 4
386 4
387 4
388 1
389 1
390 1
391 1
392 5
393 1
394 1
395 1
396 1
397 4
398 2
399 1
400 3
401 2
402 1
403 4
404 1
405 1
406 4
407 2
408 1
409 4
410 1
411 1
412 1
413 1
414 1
415 4
416 4
417 4
418 1
419 4
420 1
421 4
422 1
423 1
424 2
425 1
426 1
427 4
428 1
429 1
430 4
431 1
432 1
433 1
434 1
435 1
436 1
437 1
438 1
439 1
440 1
441 1
442 2
443 1
444 1
445 1
446 4
447 2
448 1
449 4
450 4
451 3
452 1
453 1
454 4
455 1
456 1
457 1
458 2
459 1
460 1
461 4
462 4
463 1
464 1
465 4
466 4
467 1
468 1
469 3
470 1
471 4
472 4
473 1
474 2
475 1
476 1
477 3
478 4
479 4
480 1
481 1
482 1
483 1
484 1
485 1
486 2
487 4
488 2
489 2
490 1
491 3
492 4
493 1
494 1
495 1
496 1
497 1
498 1
499 4
500 1
501 1
502 4
503 1
504 2
505 3
506 1
507 1
508 4
509 1
510 1
511 4
512 4
513 1
514 4
515 1
516 1
517 1
518 1
519 1
520 2
521 1
522 1
523 1
524 1
525 4
526 1
527 1
528 1
529 2
530 4
531 1
532 4
533 1
534 1
535 4
536 1
537 1
538 1
539 4
540 1
541 1
542 2
543 1
544 2
545 1
546 4
547 3
548 1
549 1
550 4
551 1
552 2
553 2
554 1
555 1
556 2
557 1
558 4
559 4
560 4
561 4
562 2
563 1
564 2
565 4
566 5
567 1
568 1
569 2
570 4
571 4
572 3
573 2
574 1
575 1
576 1
577 4
578 1
579 2
580 2
581 4
582 5
583 1
584 1
585 1
586 1
587 4
588 4
589 1
590 2
591 1
592 4
593 4
594 1
595 1
596 1
597 1
598 4
599 4
600 1
601 3
602 1
603 3
604 1
605 1
606 1
607 1
608 1
609 1
610 1
611 1
612 1
613 1
614 1
615 1
616 4
617 1
618 1
619 2
620 1
621 1
622 2
623 1
624 3
625 4
626 1
627 1
628 1
629 1
630 4
631 1
632 4
633 1
634 4
635 4
636 2
637 4
638 3
639 1
640 1
641 3
642 4
643 1
644 2
645 2
646 1
647 4
648 4
649 1
650 1
651 1
652 2
653 1
654 4
655 3
656 3
657 1
658 2
659 1
660 1
661 4
662 1
663 1
664 1
665 4
666 5
667 1
668 4
669 1
670 4
671 1
672 4
673 1
674 4
675 2
676 3
677 4
678 2
679 1
680 2
681 4
682 1
683 1
684 4
685 4
686 4
687 3
688 3
689 1
690 1
691 1
692 1
693 1
694 1
695 1
696 1
697 1
698 1
699 1
700 4
701 1
702 4
703 1
704 4
705 4
706 4
707 4
708 1
709 1
710 1
711 2
712 2
713 2
714 4
715 1
716 1
717 4
718 1
719 5
720 5
721 1
722 1
723 1
724 1
725 3
726 4
727 4
728 5
729 1
730 4
731 4
732 4
733 4
734 4
735 4
736 4
737 1
738 4
739 1
740 1
741 2
742 1
743 1
744 1
745 1
746 1
